0   0.006656 0010100
1   0.003357 00101111
2   0.002873 00000011
3   0.003763 01110101
4   0.003377 00110001
5   0.003147 00010100
6   0.003062 00001001
7   0.004026 10010111
8   0.003078 00001100
9   0.003227 00011110
10   0.003651 01100011
11   0.003093 00001101
12   0.003517 01000110
13   0.003415 00110110
14   0.003761 01110100
15   0.003691 01101001
16   0.002886 00000100
17   0.003715 01101100
18   0.003752 01110000
19   0.003197 00011001
20   0.003739 01101110
21   0.004681 11011111
22   0.003214 00011100
23   0.002987 00000101
24   0.004262 10111110
25   0.004201 10110101
26   0.003573 01010010
27   0.004059 10100000
28   0.004427 11001100
29   0.004418 11001011
30   0.004261 10111101
31   0.003483 01000010
32   0.003532 01001001
33   0.003175 00010110
34   0.003688 01101000
35   0.005010 11110101
36   0.004995 11110100
37   0.003418 00111000
38   0.003373 00110000
39   0.003857 10001000
40   0.003225 00011101
41   0.004027 10011010
42   0.004363 11001000
43   0.005262 11111101
44   0.003630 01011110
45   0.003848 10000110
46   0.003475 01000001
47   0.002695 111111111
48   0.003178 00010111
49   0.004254 10111100
50   0.004114 10101100
51   0.003682 01100101
52   0.003893 10001001
53   0.004543 11010111
54   0.003798 01111011
55   0.003548 01001101
56   0.004026 10011001
57   0.004486 11010000
58   0.003622 01011100
59   0.004383 11001001
60   0.004034 10011101
61   0.004920 11110001
62   0.003969 10001110
63   0.003028 00000111
64   0.003132 00010010
65   0.003430 00111011
66   0.003410 00110100
67   0.003466 01000000
68   0.003210 00011011
69   0.003841 10000101
70   0.004521 11010010
71   0.004442 11001101
72   0.004480 11001111
73   0.004732 11100011
74   0.004571 11011000
75   0.003808 01111110
76   0.003180 00011000
77   0.004028 10011011
78   0.003943 10001100
79   0.004307 11000010
80   0.003335 00101110
81   0.004034 10011100
82   0.004522 11010011
83   0.004239 10111010
84   0.004071 10100001
85   0.004351 11000110
86   0.004949 11110011
87   0.004828 11101010
88   0.004098 10100111
89   0.003823 10000001
90   0.005019 11110110
91   0.004163 10110010
92   0.004577 11011010
93   0.003614 01011011
94   0.003601 01010111
95   0.003029 00001000
96   0.003122 00001111
97   0.003331 00101011
98   0.003782 01111001
99   0.004861 11101110
100   0.004100 10101010
101   0.003635 01011111
102   0.003525 01000111
103   0.003782 01111010
104   0.003700 01101011
105   0.004535 11010110
106   0.005202 11111100
107   0.004687 11100000
108   0.003415 00110111
109   0.004088 10100101
110   0.004289 11000000
111   0.003301 00100110
112   0.003637 01100001
113   0.004634 11011101
114   0.004622 11011011
115   0.004642 11011110
116   0.003463 00111111
117   0.003607 01011001
118   0.004344 11000101
119   0.004163 10110001
120   0.003780 01110111
121   0.003827 10000010
122   0.005069 11111000
123   0.003985 10001111
124   0.003636 01100000
125   0.003329 00101010
126   0.003074 00001011
127   0.002662 111111110
128   0.003242 00100000
129   0.003335 00101101
130   0.003556 01001110
131   0.003414 00110101
132   0.003070 00001010
133   0.003546 01001100
134   0.003759 01110010
135   0.003281 00100100
136   0.003434 00111100
137   0.003613 01011010
138   0.004758 11100110
139   0.003129 00010000
140   0.004915 11110000
141   0.004205 10110110
142   0.005133 11111001
143   0.004084 10100011
144   0.003817 01111111
145   0.004941 11110010
146   0.004786 11101000
147   0.004121 10101101
148   0.003571 01010001
149   0.004904 11101111
150   0.004264 10111111
151   0.003256 00100001
152   0.003138 00010011
153   0.003571 01010000
154   0.004858 11101101
155   0.003259 00100011
156   0.004139 10101111
157   0.003568 01001111
158   0.004625 11011100
159   0.003585 01010101
160   0.003130 00010001
161   0.003753 01110001
162   0.003451 00111101
163   0.004005 10010100
164   0.004297 11000001
165   0.005069 11110111
166   0.003839 10000100
167   0.004317 11000100
168   0.004114 10101011
169   0.004825 11101001
170   0.004056 10011111
171   0.004529 11010100
172   0.004310 11000011
173   0.005186 11111011
174   0.004738 11100100
175   0.003918 10001010
176   0.003298 00100101
177   0.004535 11010101
178   0.003540 01001010
179   0.003544 01001011
180   0.004400 11001010
181   0.005378 0000000
182   0.003687 01100111
183   0.004093 10100110
184   0.004239 10111011
185   0.004855 11101100
186   0.003420 00111001
187   0.004026 10011000
188   0.003576 01010100
189   0.004180 10110100
190   0.003093 00001110
191   0.002641 111111100
192   0.003393 00110010
193   0.003484 01000011
194   0.003235 00011111
195   0.003603 01011000
196   0.003837 10000011
197   0.004001 10010010
198   0.004571 11011001
199   0.004767 11100111
200   0.004164 10110011
201   0.004075 10100010
202   0.003852 10000111
203   0.003683 01100110
204   0.003503 01000100
205   0.004051 10011110
206   0.003780 01111000
207   0.003990 10010000
208   0.003506 01000101
209   0.003333 00101100
210   0.004696 11100001
211   0.003938 10001011
212   0.004848 11101011
213   0.004215 10111001
214   0.004703 11100010
215   0.003801 01111100
216   0.003760 01110011
217   0.003309 00100111
218   0.004752 11100101
219   0.003666 01100100
220   0.004499 11010001
221   0.003778 01110110
222   0.004144 10110000
223   0.002652 111111101
224   0.003695 01101010
225   0.003530 01001000
226   0.004205 10110111
227   0.004452 11001110
228   0.004207 10111000
229   0.003964 10001101
230   0.003991 10010001
231   0.004014 10010110
232   0.003200 00011010
233   0.004131 10101110
234   0.003808 01111101
235   0.003819 10000000
236   0.003622 01011101
237   0.004355 11000111
238   0.004013 10010101
239   0.003456 00111110
240   0.003575 01010011
241   0.004002 10010011
242   0.003640 01100010
243   0.003407 00110011
244   0.003750 01101111
245   0.004087 10100100
246   0.003587 01010110
247   0.003425 00111010
248   0.003723 01101101
249   0.003168 00010101
250   0.002848 00000010
251   0.003017 00000110
252   0.003257 00100010
253   0.002511 111110100
254   0.002640 111110101
255   0.008207 1010100
